Background Parameters
Peak: 204.06089700320328
Alpha: 69.44761813155765
Beta: 0.06671245853610694
Gamma: 0.044373672123751984

Signal Parameters
Mean: 89.81881566361002
Sigma: 4.232032968000364
Amplitude: 947.9267353542837

N_sig: 8174.647082642788 +/- 90.41375494161709
N_bkg: 14844.352917357211 +/- 121.8374036056137
Total: 23019.0
