Background Parameters
Peak: 230.56287785592932
Alpha: 67.2724564935143
Beta: 0.11205339208573105
Gamma: 0.04536934398706009

Signal Parameters
Mean: 90.06572382981207
Sigma: 3.661838124726181
Amplitude: 7300.477898192675

N_sig: 51984.48107129628 +/- __
N_bkg: 55465.51892870372 +/- __
Total: 107450.0
Total Entries: 107450.0
