Background Parameters
Peak: 133.4998493839086
Alpha: 129.03377281164086
Beta: 0.05755863995526541
Gamma: 0.3377365593581497

Signal Parameters
Mean: 90.37450964462109
Sigma: 2.887855280503015
Amplitude: 56639.484870422784

N_sig: 380187.20423055644 +/- 616.5932242820678
N_bkg: 134879.79576944362 +/- 367.25984775012313
Total: 515067.00000000006
