Background Parameters
Peak: 204.06089700320328
Alpha: 69.44761813155765
Beta: 0.06671245853610694
Gamma: 0.044373672123751984

Signal Parameters
Mean: 89.10697745725997
Sigma: 5.7259696779363125
Amplitude: 860.940465300017

N_sig: 9290.373588464005 +/- 96.38658406886306
N_bkg: 13728.626411535994 +/- 117.16922126367484
Total: 23019.0
