Background Parameters
Peak: 1695.3636004020188
Alpha: 1101.1648018597284
Beta: 0.0030365475725396365
Gamma: 0.009700780360144708

Signal Parameters
Mean: 88.53858512204978
Sigma: 7.120349178298438
Amplitude: 310.21911745643814

N_sig: 3111.033934217809 +/- 55.77664326774971
N_bkg: 3753.9660657821914 +/- 61.26961780346105
Total: 6865.0
