Background Parameters
Peak: 256.9176054399606
Alpha: 116.38214035186422
Beta: 0.0003575583400304965
Gamma: 0.027530828973183475

Signal Parameters
Mean: 85.22708177577667
Sigma: 21.883899365709297
Amplitude: 218.72813158247618

N_sig: 7511.874414769463 +/- 86.67107022974542
N_bkg: 6402.125585230535 +/- 80.01328380481915
Total: 13913.999999999998
