Background Parameters
Mean: 90.06571994425379
Sigma: 8.855368117057731
Amplitude: 2146.0989808118143

Signal Parameters
Mean: 90.06571994425379
Sigma: 3.6618465411756755
Amplitude: 7300.4695090704445

N_sig: 62887.73487650893 +/- 250.77427076259025
N_bkg: 44562.26512349107 +/- 211.09776200493238
Total: 107450.0
