Background Parameters
Peak: 378.9751183236602
Alpha: 12.480118324972352
Beta: 0.9699660251309128
Gamma: 0.01483330888797341

Signal Parameters
Mean: 90.39316250616069
Sigma 1: 8.89724196870209
Sigma 2: 42633394.68702579
Alpha: 5413.483314916354

N_sig: 4245.566171554407 +/- 65.15800926635502
N_bkg: 9668.433828445592 +/- 98.32819447363809
Total: 13914.0
