Background Parameters
Peak: 472.02969307999797
Alpha: -148.6375808304077
Beta: 0.08687404583930255
Gamma: 0.0116017885751838

Signal Parameters
Mean: 88.95064300814016
Sigma: 11.10590287380773
Amplitude: 238.70745245198265

N_sig: 4489.039014523164 +/- 67.00029115252534
N_bkg: 9424.960985476833 +/- 97.08223825951292
Total: 13913.999999999996
