Background Parameters
Peak: 143.40852079249865
Alpha: 75.27463782867572
Beta: -5.933073439541678e-06
Gamma: 0.046433257114107576

Signal Parameters
Mean: 89.22815041149182
Sigma: 5.9530892093368015
Amplitude: 332.83767732599534

N_sig: 5186.4632159642615 +/- 72.0171036349301
N_bkg: 1678.5367840357383 +/- 40.96994976852837
Total: 6865.0
