Background Parameters
Peak: 127.38626201308385
Alpha: 111.03926768745035
Beta: 0.05402569610561378
Gamma: 0.21303944418630977

Signal Parameters
Mean: 89.96155557985976
Sigma: 3.149075784824577
Amplitude: 5944.893355883965

N_sig: 44396.395307090635 +/- 210.7045213256959
N_bkg: 13866.60469290937 +/- 117.75654840776104
Total: 58263.00000000001
