Background Parameters
Peak: 204.06089700320328
Alpha: 69.44761813155765
Beta: 0.06671245853610694
Gamma: 0.044373672123751984

Signal Parameters
Mean: 89.81881566361002
Sigma: 4.232032968000364
Amplitude: 710.5889280244901

N_sig: 6725.951766277717 +/- 82.01190015039109
N_bkg: 16293.048233722282 +/- 127.64422522669125
Total: 23019.0
