Background Parameters
Peak: 153.34842691044196
Alpha: 72.51466724991432
Beta: 0.09726990743743695
Gamma: 0.09463385536938232

Signal Parameters
Mean: 90.06574519061934
Sigma: 3.6617909818855656
Amplitude: 7300.524848201738

N_sig: 58557.87769599876 +/- 241.98735028095737
N_bkg: 48892.12230400124 +/- 221.11563107116882
Total: 107450.0
