Background Parameters
Peak: 378.29555901760006
Alpha: -112.49971915299308
Beta: 0.07886212881549955
Gamma: 0.014900632452682503

Signal Parameters
Mean: 90.39316117395744
Sigma: 8.897245807621097
Amplitude: 118.4644995437555

N_sig: 2435.757674114846 +/- 49.353395770857006
N_bkg: 11478.242325885156 +/- 107.13655924046262
Total: 13914.000000000002
