Background Parameters
Peak: 2562167.229748778
Alpha: 63.238678285601665
Beta: 0.08755972516005125
Gamma: 2.952427448172298e-06

Signal Parameters
Mean: 90.37451071729724
Sigma: 2.8878527349528285
Amplitude: 56639.50983603443

N_sig: 316705.14968558506 +/- 562.7656258919739
N_bkg: 198361.85031441494 +/- 445.37832268130757
Total: 515067.0
