Background Parameters
Peak: 171.27052431654548
Alpha: 48.913371764560196
Beta: 0.4403903367978448
Gamma: 0.02258902679578374

Signal Parameters
Mean: 88.32233913805678
Sigma: 6.5043591772658225
Amplitude: 49.31698438257053

N_sig: 681.0067183949599 +/- 26.09610542580942
N_bkg: 963.9932816050402 +/- 31.04824119986574
Total: 1645.0
