Background Parameters
Peak: 472.0077801644877
Alpha: -91.38943635186699
Beta: 0.17262725193818806
Gamma: 0.01160243241565764

Signal Parameters
Mean: 88.04622727790019
Sigma: 16.606385213382378
Amplitude: 223.37365285096777

N_sig: 5509.314367140654 +/- 74.22475575669249
N_bkg: 8404.685632859348 +/- 91.67707255829751
Total: 13914.000000000002
