Background Parameters
Peak: 378.9751183236602
Alpha: 12.480118324972352
Beta: 0.9699660251309128
Gamma: 0.01483330888797341

Signal Parameters
Mean: 90.39316250616069
Sigma 1: 8.89724196870209
Sigma 2: 42633394.68702579
Alpha: 30842.18239277759

N_sig: 9940.583478453696 +/- 99.70247478600366
N_bkg: 3973.4165215463054 +/- 63.035042012727374
Total: 13914.000000000002
