Background Parameters
Peak: 157.17966778518607
Alpha: 76.6998546407177
Beta: 0.07644519103796357
Gamma: 0.10088032302637039

Signal Parameters
Mean: 89.17156847399123
Sigma 1: 12.089478540113712
Sigma 2: 12.111549447034507
Alpha: 532431962.12335396

N_sig: 50441.426094293 +/- 224.5916875004349
N_bkg: 464625.573905707 +/- 681.6344870278404
Total: 515067.0
