Background Parameters
Peak: 157.17966778518607
Alpha: 76.6998546407177
Beta: 0.07644519103796357
Gamma: 0.10088032302637039

Signal Parameters
Mean: 90.37449558505675
Sigma 1: 2.8874860536261613
Sigma 2: 895732490.6987448
Alpha: 429461.804681888

N_sig: 416322.32887904363 +/- 645.2304463360696
N_bkg: 98744.67112095634 +/- 314.2366482779441
Total: 515067.0
