Background Parameters
Peak: 230.56232354897108
Alpha: 67.27247495032418
Beta: 0.11205331038471011
Gamma: 0.04536951163028295

Signal Parameters
Mean: 90.0657238300198
Sigma: 3.6618381240510196
Amplitude: 7300.477899049658

N_sig: 51984.51740321061 +/- 228.00113465334027
N_bkg: 55465.48259678938 +/- 235.51110928529332
Total: 107449.99999999999
