Background Parameters
Peak: 472.0077801644877
Alpha: -91.38943635186699
Beta: 0.17262725193818806
Gamma: 0.01160243241565764

Signal Parameters
Mean: 88.95064300008141
Sigma: 11.105902906866348
Amplitude: 238.707452316981

N_sig: 4489.052246190066 +/- 67.00038989580632
N_bkg: 9424.947753809933 +/- 97.08217011279638
Total: 13914.0
