Background Parameters
Peak: 378.9751183236602
Alpha: 12.480118324972352
Beta: 0.9699660251309128
Gamma: 0.01483330888797341

Signal Parameters
Mean: 90.39316250616069
Sigma 1: 8.89724196870209
Sigma 2: 42633394.68702579
Alpha: 39.354201348944954

N_sig: 44.275312417114016 +/- 6.653969673594403
N_bkg: 13869.724687582886 +/- 117.76979531094926
Total: 13914.0
