Background Parameters
Peak: 143.40852079249865
Alpha: 75.27463782867572
Beta: -5.933073439541678e-06
Gamma: 0.046433257114107576

Signal Parameters
Mean: 88.53733996268512
Sigma: 7.123315849568251
Amplitude: 310.1566068981062

N_sig: 5320.677092447932 +/- 72.94297150821272
N_bkg: 1544.322907552068 +/- 39.2978740843836
Total: 6865.0
