Background Parameters
Peak: 133.62166194156012
Alpha: -2.9123258528426845
Beta: 0.434934645579366
Gamma: 0.043418230562156004

Signal Parameters
Mean: 88.65875703165455
Sigma 1: 7.017348364987725
Sigma 2: 985068118.7592499
Alpha: 5987.8924996198575

N_sig: 5357.7621825005235 +/- 73.19673614650125
N_bkg: 1507.2378174994763 +/- 38.82316083859577
Total: 6865.0
