Background Parameters
Peak: 378.9751183236602
Alpha: 12.480118324972352
Beta: 0.9699660251309128
Gamma: 0.01483330888797341

Signal Parameters
Mean: 90.39316250616069
Sigma 1: 8.89724196870209
Sigma 2: 42633394.68702579
Alpha: 2671.4092963956186

N_sig: 2478.074847864947 +/- 49.780265646789665
N_bkg: 11435.925152135052 +/- 106.93888512666967
Total: 13914.0
