Background Parameters
Peak: 150.00475629301044
Alpha: 86.97275973325067
Beta: 0.06381513699487511
Gamma: 0.12641221420176177

Signal Parameters
Mean: 90.45020332777969
Sigma 1: 2.718384374827344
Sigma 2: 750063454.078606
Alpha: 395957.74898033444

N_sig: 394903.89916370536 +/- 628.4137961277628
N_bkg: 120163.10083629467 +/- 346.6454973547106
Total: 515067.0
