Background Parameters
Peak: 230.56207369304286
Alpha: 67.27248324386183
Beta: 0.1120532728608723
Gamma: 0.04536958713000988

Signal Parameters
Mean: 90.06574696731285
Sigma: 3.661787133534569
Amplitude: 7300.52868145848

N_sig: 51984.34698990998 +/- 228.00076094151524
N_bkg: 55465.65301009002 +/- 235.51147107962709
Total: 107450.0
