Background Parameters
Peak: 402.2325313118654
Alpha: 233.1717279683295
Beta: 0.024400417181785514
Gamma: 0.07682995420029083

Signal Parameters
Mean: 90.3745108648228
Sigma: 2.8878523834331125
Amplitude: 56639.51327068844

N_sig: 30418.326216209545 +/- 174.4085038529072
N_bkg: 484648.6737837904 +/- 696.1671306401864
Total: 515066.99999999994
