Background Parameters
Peak: 126.84567077931409
Alpha: 126.32624799873108
Beta: 0.05746877066425597
Gamma: 0.32010150331741655

Signal Parameters
Mean: 89.96155580104629
Sigma: 3.149075329699707
Amplitude: 5944.893784427506

N_sig: 42692.09716673707 +/- 206.62066006751857
N_bkg: 15570.902833262931 +/- 124.78342371189746
Total: 58263.0
