Background Parameters
Peak: 157.71873955885167
Alpha: 71.07672742551989
Beta: 0.10315525930082327
Gamma: 0.08792954781188478

Signal Parameters
Mean: 90.3666494539806
Sigma 1: 3.0358922669348827
Sigma 2: 1330203566.451808
Alpha: 60132.78230565109

N_sig: 56026.30410958182 +/- 236.69876237441932
N_bkg: 51423.69589041819 +/- 226.7679339995366
Total: 107450.0
