Background Parameters
Peak: 559.3501656223981
Alpha: -570.5886525739189
Beta: 1.340837039220741
Gamma: 0.009539537993245853

Signal Parameters
Mean: 85.16701859989709
Sigma: 23.56926828064892
Amplitude: 214.37276333332173

N_sig: 6155.325752641738 +/- 78.45588411739261
N_bkg: 7758.674247358263 +/- 88.0833369449538
Total: 13914.0
