Background Parameters
Peak: 346.75995309607754
Alpha: -78.5439544452691
Beta: 1.0010389103632331
Gamma: 0.019936929582778075

Signal Parameters
Mean: -170.38774646088262
Sigma: 120.32527448207118
Amplitude: 36.49896801543417

N_sig: 302.98732434005694 +/- 17.406531082902674
N_bkg: 29989.012675659946 +/- 173.17336017892575
Total: 30292.000000000004
